1 1.5 1
2 0.5 0.51675154730507
3 0.53350309461014 0.633227794428825
4 0.732952494247511 0.615328937668099
5 0.497705381088688 0.912398394382877
6 1.32709140767707 0.82709140767707
7 0.32709140767707 0.163545703838535
8 0 0
9 0 0
10 0 0
11 0 0
12 0 0
13 0 0
14 0 0
15 0 0
16 0 0
17 0 0
18 0 0.124816410412219
19 0.249632820824438 0.445675272079782
20 0.641717723335125 0.876929872229179
21 1.11214202112323 1.44189841467639
22 1.77165480822955 2.03150525737304
23 2.29135570651652 2.52825442059359
24 2.76515313467065 0
